7306
23205
32276
26037
14202
27870
16007
24126
17012
1903
28819
9755
10012
8701
20378
25650
9613
7622
8152
23964
14807
25217
30367
32096
6015
5869
25711
14578
25347
4598
20953
28529
29843
10843
23719
8521
32125
29828
3768
7093
5537
27168
30475
32131
15653
13582
22809
31000
9834
8569
26216
30643
23614
31560
13917
502
6227
23221
28754
4514
24047
9275
23528
12450
11494
16310
19358
2379
24774
19142
5539
19426
4177
19060
3817
3422
304
8216
15483
880
997
17786
12048
16833
19458
5175
15584
23675
6296
7270
3510
5130
16627
20092
11591
28196
31108
31853
6082
24582
25887
30228
29864
28161
18023
17621
29662
25654
25990
19073
257
3230
32289
18297
16633
1613
18826
3095
3537
8695
31032
22857
25797
26547
13685
13439
31389
10751
29783
13000
27194
18948
15601
32567
12655
4380
10954
8332
28690
17298
17807
16912
7506
20649
260
961
10058
17375
31040
5551
12503
23410
16154
8870
24999
26660
18655
19981
31891
23099
23366
18702
12335
8141
32421
17144
21919
14394
21604
14561
4524
8442
24754
26767
3095
32665
7288
27289
12588
11519
25483
14281
12699
1525
4902
7621
13444
9445
27799
26350
28625
26849
4152
14729
6856
28135
9377
29213
28384
23140
32284
32027
10964
9718
23130
29636
19447
15734
1124
72
29127
10294
29907
19755
8132
4743
16964
1005
20867
24959
30215
7914
5374
13305
6423
4735
7982
29916
3407
4462
3804
25249
1754
28804
20916
12303
14828
28025
24475
8777
4271
23831
16450
20491
32129
1182
3835
26161
15708
8808
28876
5497
7829
27081
12482
3465
8138
30265
30344
10548
31510
31157
19256
12281
29062
10850
24689
20684
27345
13172
19882
14874
15683
11598
14278
29447
12795
24810
5864
23034
6486
23164
3720
27739
939
3922
3015
15259
29241
6911
7679
13173
5213
22456
15775
5492
25865
22014
30006
19894
15473
30590
8397
1263
10759
12597
14202
5040
10922
14551
21298
15082
3866
8562
27359
17838
9904
11086
29362
30774
588
19225
22203
28713
25486
11328
951
23067
11337
12960
29225
8275
25140
16222
26540
30418
6883
15635
25223
26769
25590
14125
25474
18953
31633
146
2552
13560
27916
11654
13870
29027
26091
25806
9699
28631
22288
19477
16168
14581
13871
5008
32114
30254
29571
25822
13550
30666
30655
14642
8212
23599
15944
23219
27519
15456
24481
5411
13308
452
8230
22975
10977
18729
22270
23143
21664
30472
16715
24575
5531
24842
5539
24597
314
12492
27588
5572
7995
25567
19587
8664
6986
3348
32262
30258
4818
15094
24627
4207
29970
10135
28008
18372
10611
5520
13165
12844
28697
32323
22695
25798
12472
30051
398
4984
11177
26039
10849
21465
16701
2842
18712
1870
17233
19911
19354
12403
1314
25299
17968
14268
7523
22011
26169
25436
3725
24736
32032
1637
18807
12816
14220
11057
15910
3335
21718
15618
28390
24182
29376
29925
14745
12674
16740
3548
19280
9424
13162
1083
29208
17664
32382
25683
16663
28791
1
27726
15063
10338
23039
1370
30177
29431
23650
22538
28558
13054
3685
32760
282
6289
27723
8880
11002
3872
11600
28105
10863
19640
9696
16469
3420
26244
6663
892
14421
3732
5161
30307
4856
24285
5107
29011
20096
21889
10641
25623
31383
26193
20769
5029
23660
17808
8808
23297
15366
20474
10436
29535
7128
13317
30562
1928
3733
16487
19889
5758
8005
31704
24599
26979
32665
27161
6370
8343
28795
8757
25985
7201
6378
6663
25588
17232
16133
19196
1153
28577
5989
5147
29609
32484
7856
32066
24666
20635
12651
16306
29286
12963
22032
14285
1332
278
28001
9247
31414
32111
15611
21916
15002
8431
2094
13608
12741
28224
11020
16989
26109
1625
27584
28552
29157
1185
30242
32500
32047
26199
13704
17772
1293
305
222
30203
2280
19779
19705
23286
28501
1571
22824
8252
14149
26443
2572
4797
18811
1982
26282
31033
32324
6383
27583
27210
11106
3294
10579
17317
20041
26500
24209
9885
9870
16241
2006
7657
21660
12724
4872
20646
20649
19707
11817
26272
19944
14331
25644
461
24064
5906
31751
28954
26814
29995
19977
106
19462
13283
878
2524
14352
18154
29745
11341
7121
16043
5921
19231
13750
26159
14391
15160
7320
30782
26919
16717
21741
12232
24629
17760
17979
14212
14666
24455
9427
15575
19783
8688
9147
10743
5017
17442
748
19280
16910
4997
19901
25639
7910
19749
23968
30333
14638
17587
29964
16950
31561
31949
1722
16250
19408
5246
32020
6236
12444
11785
5611
26041
10272
13026
9832
13155
11516
6398
23365
3967
6096
3404
18748
10540
21326
10116
25024
16998
5780
2847
8172
31017
6584
6566
441
11225
30884
6704
8563
31969
14372
31271
878
14747
8509
2890
27637
10352
26305
25336
20867
576
18720
16043
16182
6915
11393
4547
15232
32177
21777
8325
1824
32608
15771
19555
18512
3500
15450
30077
30272
15452
27147
5481
6340
22083
32581
30511
12361
30051
7181
12440
23054
26201
11686
16553
1169
23285
26278
30570
18503
12328
32079
2796
14479
19235
9243
32137
16617
20925
28825
14702
25187
16917
9336
1367
25941
11641
3297
13978
21326
6791
27659
17511
19790
21138
8457
8270
4662
7752
486
30721
18812
13713
7155
17500
26147
26298
20064
18850
13803
14546
29450
27914
28869
3412
2452
890
23689
1287
6329
32146
22763
11299
14816
5356
26540
12725
753
24226
1293
11844
17000
26385
25737
15797
16808
15069
26051
28780
401
310
21950
22452
9556
2905
20556
12641
32646
32089
21961
30388
30068
29727
26888
21118
11447
19631
18830
17032
14088
28846
7678
26675
12373
19489
8917
19548
788
20600
12631
6786
18135
10443
13002
5931
27936
867
21473
21891
12407
5244
3195
28743
31163
13897
20366
18913
12214
19001
30557
6101
9459
16249
16882
15707
6100
25274
29128
14669
30943
23348
26312
11076
27481
30955
17270
13311
13334
14385
29293
13572
2703
7788
8201
13193
53
21529
31843
25236
29189
8209
22914
6242
14429
10251
31183
13062
2318
6755
8906
12370
16306
9498
18428
31994
64
24093
25132
16119
26589
202
18134
7978
16373
9392
5081
22082
26507
20886
880
223
26317
5311
15459
32503
24812
31597
29311
25210
22570
5796
27459
12593
30773
27696
15068
32236
23219
30954
19796
7388
31262
10294
4102
30526
18130
25808
20309
16953
4708
9929
7325
7434
17718
8908
20586
23134
4680
32422
31976
30975
7505
12037
25755
4019
18191
25216
18768
12386
5083
7640
10068
1654
24704
28030
12515
13447
22861
20565
7651
13624
26473
16312
9171
17244
2151
30911
10750
3422
17434
27326
3572
14303
13483
28431
3130
29600
21736
11794
8513
10915
2271
21873
30357
2189
5292
937
12375
25167
30095
3270
12013
16645
20802
31853
6392
5150
28553
31008
16774
20158
29194
27838
16010
29792
15967
5705
17289
22720
20074
26860
5269
5880
23272
23613
9599
1001
5193
4543
14665
8156
24000
29611
5594
19305
16022
12528
8181
17305
32195
14968
29548
10567
7103
9645
19345
6092
7830
6204
20462
3803
25659
8472
6454
13225
28446
8899
635
11601
24832
13001
6816
8312
6150
4749
18962
3628
8717
9543
179
6674
31294
1870
23
31681
17634
10899
5619
8041
32119
7278
23250
14776
19203
22686
18698
21246
28328
19851
16367
3471
121
30157
18246
11113
28300
10994
9981
5910
29264
5500
10009
29652
28705
24106
3055
30964
29978
1145
8855
7296
18219
32361
29086
20768
15211
1412
25083
23358
18095
13597
29764
361
31835
24022
22050
7159
28536
12901
27651
18415
10759
12695
8974
16678
11925
29076
8028
10151
14352
12390
6757
13400
11225
19893
1464
8411
29210
4564
17904
18099
10330
26114
6627
14760
25167
25065
540
24940
27891
21099
15500
22142
18394
7582
10364
1615
18626
10261
9926
25252
7532
8034
19013
8251
8106
19928
27786
18609
12218
23446
31440
9123
2258
8385
3890
15124
17404
27920
10780
32526
32036
26766
8192
19596
20079
29083
3914
23448
5583
7220
29333
22705
14549
13941
8991
11631
23238
30300
24442
15466
14576
13520
10885
5207
8510
23010
5787
24180
14091
24146
20746
3111
31284
1621
455
2017
17521
14741
21344
27977
12517
7290
14129
3223
8691
20136
14811
15677
22868
29385
31730
17357
22118
25484
8950
20247
28359
14829
22149
20625
21795
2232
7630
13309
586
29000
12617
14917
13446
30101
5286
31658
31019
11118
3331
21789
29807
13570
18273
17645
23420
8869
17241
31395
21700
8657
22027
7723
12949
7531
22872
4660
15341
13128
23377
13784
30607
8944
25070
27008
11606
6562
5892
23298
4554
32664
28785
23821
20465
10891
10393
19911
25960
6522
6935
20660
1201
7592
22956
24538
29135
5348
3451
30755
3344
6412
30841
25858
43
18644
11039
28505
16778
3524
16994
29595
25065
896
16868
9006
22560
25676
24172
29971
16189
7887
19604
2504
15062
30999
26561
1645
30110
25822
17752
11047
28213
26892
2095
10434
1605
17533
2114
31130
1994
11779
8872
16827
5297
21935
17861
31303
13477
2892
3520
27672
29990
11821
1335
15783
20443
18985
24114
6188
19241
1507
14166
10247
2308
17999
16732
31839
14341
11121
22721
2569
6845
19048
26558
21931
6474
18604
9338
2337
4391
15508
32639
30751
22345
30491
22122
22552
8295
6883
16103
12127
17305
9338
32221
16269
2852
18397
32486
28450
1940
18234
24578
30319
6412
9978
25996
21427
8923
25343
27245
19076
7503
2346
8335
29296
31182
23841
13717
6373
3362
26959
12233
31310
29717
8492
5973
5759
9790
30910
16311
9299
11034
5472
17775
26771
9567
31682
5114
29722
10380
24369
2052
3383
3269
30232
474
18515
13534
30663
31774
5076
31414
10100
31422
15169
13766
4223
26150
9638
4089
22523
9909
21306
7358
18281
5230
24127
26204
29894
3825
810
25991
11209
20905
29700
5936
31846
22598
31504
9377
4758
26478
12462
20936
15194
3503
18559
9683
15101
12473
14794
510
22682
31434
18206
6825
17119
15465
10553
1710
12816
5719
24873
22769
27471
32707
30129
30777
2330
31933
8174
10558
11541
6381
11066
32515
32522
31365
3153
9573
7470
8564
29619
14836
24998
9949
24393
9987
8521
4295
28490
13563
18344
3606
608
17909
29771
11962
23815
28551
32062
27686
24630
26333
31437
5635
4930
29452
16523
30502
1279
22948
26521
18112
18472
31108
20004
14805
3841
2035
12336
18672
10810
9196
15764
32276
28439
13240
20806
24309
18638
16579
11737
18280
31025
17832
25412
18457
19596
8846
16869
23932
17617
11191
32454
4870
32754
1622
27934
26268
23951
18337
28955
76
10193
2600
4062
4667
17302
28005
16584
29918
11214
13204
25588
21357
15396
29125
516
31893
3810
1583
14625
11118
29198
18631
31549
23724
14297
10769
411
1049
26171
13366
6546
13891
2519
8792
11918
6769
12324
546
13655
14556
19662
5027
23702
31004
3674
23388
9877
25825
26122
6807
20550
739
18176
8699
10631
24092
24741
12894
17060
3380
22604
24538
4893
20029
17939
11043
32170
2720
30986
17687
21885
22359
18072
12439
18631
17757
26906
13974
21629
5731
12748
24687
9564
10693
4589
27772
2603
13756
16158
28900
23360
8405
30476
8372
31557
4002
9806
26418
21820
31407
30353
19822
31681
24759
2034
24089
19855
26904
22955
31642
17222
2693
9714
23647
19052
2555
13598
8561
20913
26102
27660
15180
27255
484
6593
4333
9105
9690
18512
7468
331
9862
5374
30284
13995
18789
21413
29649
1015
14645
342
26257
24183
7854
19010
5902
17788
12653
9947
32259
26786
21809
21558
27453
849
5961
11188
3756
4490
8269
7649
6074
16864
28173
21660
24283
18628
27079
16505
19814
30982
11933
5475
30627
17817
5189
31366
7461
4247
20995
29036
858
27524
19924
14437
24160
11479
27628
11309
15386
32438
29283
27849
9604
19202
21804
18866
27203
10387
32326
14645
19073
11717
26166
24346
29431
19507
4276
26244
32587
6594
16805
13080
30365
10978
32329
11617
30301
25104
11958
11891
32607
22687
29573
20175
6449
17593
971
7303
16300
161
10059
31907
20169
5946
8425
15298
24758
31181
7522
4613
21033
17159
31291
7720
24821
11073
30967
7154
6363
4613
12941
22992
674
16589
24345
12733
18793
19213
17874
2404
19005
12148
26940
7561
16871
7791
17311
7333
3335
2544
10167
21712
11879
25197
6573
30948
3977
9515
13382
16608
12162
8124
28251
27018
13323
3271
21641
22361
4310
28167
2857
24721
14622
18326
11394
688
3970
8300
22334
1801
2067
27682
283
23215
12460
16892
25059
7572
4994
1319
2718
11506
10235
25151
32006
11498
17860
17941
22331
21868
19998
12718
26552
1622
32632
3983
15750
26336
10051
28215
2223
5175
9730
17390
24310
9064
31136
8125
14533
31360
16903
27582
14951
17649
29678
9366
7543
1848
11762
10815
20121
5565
25577
3595
4968
29435
21619
485
19631
22752
31953
19674
10459
29047
32507
26841
23216
708
11756
11703
10300
4592
13377
11638
26121
16806
2306
9671
12951
28604
9920
10957
1545
22038
14560
28452
27167
12999
13110
19746
28260
15226
2006
30045
11433
24593
28454
26221
29105
8331
30264
4595
24110
31275
18263
21210
5100
12246
24800
6364
17229
29118
11860
27976
11509
10301
14250
13571
27590
26115
23274
21453
6927
17780
17399
5318
11520
13644
5804
31793
1378
30853
32555
26231
11397
23930
7282
6255
11897
28748
31024
9436
31360
11397
1750
19256
22212
29179
20208
13232
15430
16632
20150
11375
12055
407
12510
19487
26314
23153
22965
7597
23337
23161
31086
14669
2343
31269
6330
28351
1046
14287
21401
25808
10010
21338
13935
21027
31454
27928
29018
13105
9093
3051
21955
8591
27364
20139
21043
12400
15086
19656
24680
29290
7279
27185
6569
3197
3582
8820
25942
31313
18220
3878
30147
26559
15362
11653
1862
17299
29867
10076
5519
28560
3437
8999
31544
12725
29406
24440
12189
19135
11860
7577
5870
21999
22173
8051
6275
22029
30960
15534
28527
5037
3620
21274
26967
12465
20512
5710
1925
5391
915
655
13880
6357
2533
30451
3646
3946
20333
15045
21701
6166
27108
29228
11631
22468
31513
17928
12964
7
11239
17181
26668
18268
21348
13427
15357
13999
7772
31996
2385
28704
19198
13432
20988
21254
19668
2966
8701
8500
27897
15196
20819
2428
14982
968
6162
15218
24397
32184
10421
26738
11466
17415
17590
21989
30038
14329
32604
25791
1438
25817
8917
12876
21076
18144
27524
13869
11812
31065
3484
414
7146
4099
14574
1018
4386
8119
3839
30848
15519
14922
16222
24919
9601
25013
15924
13264
13921
13939
18717
6636
2254
25899
11830
27934
1277
6031
2424
20049
10684
27780
27716
32557
4264
15235
9022
24726
672
10047
3679
14966
12409
17288
16198
12477
25587
21103
20943
2470
15596
23723
13031
10555
20180
10555
18847
26139
12897
22605
13951
7035
24452
9567
7452
7275
25499
5284
11244
27738
18408
4009
22106
24797
15426
13624
29974
4268
23050
24701
16559
13293
4961
11111
23139
22966
8856
28753
22326
5837
3560
3810
321
4530
4964
30769
17229
4063
4395
17965
29344
26702
15842
25149
27415
32572
17762
32547
12661
12077
7597
27174
4091
17200
10279
30576
24889
26212
29443
3509
32035
11451
12027
5397
31847
6398
11588
19780
17918
17425
31169
20200
6913
2425
25975
15426
5311
23835
5441
25873
18700
11846
26820
25011
2268
31732
19878
27022
27920
32333
21243
26798
9615
2413
4352
6319
16025
3431
14604
8414
20568
22410
25027
411
19640
30947
25485
20226
24441
30210
22855
32458
5251
9217
6456
19820
14457
22211
14918
32392
10128
17530
31081
31877
32418
17004
4961
7033
25214
16118
26276
840
20867
7377
29083
1295
13165
21396
269
24515
7022
31098
8924
14357
28801
6758
12527
18329
28667
36
2159
1832
15970
20466
16694
22659
31363
8511
31108
29496
1727
29106
2548
6346
31910
6766
13743
21516
32455
10901
10976
18382
23749
19210
26472
20667
15790
3964
21970
32386
17545
22688
13961
10292
25390
11197
10568
8173
20315
9070
27347
18871
19971
23972
6885
6571
18665
2794
7785
15706
25198
749
29164
29803
31655
571
83
23685
24755
30027
20937
13423
3916
29886
9980
23157
19355
22244
21641
2574
30545
31362
29364
7357
24307
11986
13661
21045
29045
23756
48
25536
5643
21924
2843
26337
5180
27284
11013
17208
16952
12763
4797
16295
28011
7430
8240
27315
12626
17518
2528
25133
12430
3074
145
15889
25655
1350
6469
8878
30066
12956
4971
15879
21830
4035
20308
13434
1707
925
2278
16543
20196
7989
10900
2675
16399
19968
19598
31158
20987
23395
13364
1937
32057
29046
26577
21372
3190
29960
10886
32607
6152
25315
29828
5879
24518
4688
15230
1660
30493
222
8031
25729
30560
2912
20280
4891
11360
14389
14972
31813
28477
30412
25199
28035
9083
30822
24540
22214
2648
1566
28934
28816
24669
30759
9186
3416
31028
12886
28803
6704
19897
18912
22486
4773
12371
14436
23183
27623
7045
16428
23651
15146
20160
26032
18296
6987
11644
8795
1050
5559
5255
13458
6319
4745
6556
12531
1517
5106
26935
14554
13130
16606
13992
31274
32692
724
29286
23626
19075
15134
15015
32365
2220
21291
14893
27415
14903
11313
26979
9437
21491
12822
26024
28780
29032
5521
21227
32716
25357
29069
31608
25318
27835
24526
8721
24900
18530
16598
14913
8473
16635
15114
31469
16257
31165
13585
32556
15881
13716
20349
26969
26994
13007
8621
15462
7602
28440
15857
24434
2876
26538
16624
32670
24961
10686
28743
17437
695
18246
11379
2187
9433
990
14833
4480
1007
19968
9635
28516
2447
22647
18550
901
3492
26646
11842
23398
5230
10665
25586
22107
11722
9260
28900
18770
22964
6971
32659
5364
5642
30154
31091
25069
31122
32022
6684
30599
63
2011
15787
24702
27824
26056
28261
21008
25338
7984
30110
2387
8359
23810
29658
4811
30207
3323
17457
12348
25734
5658
12024
20669
1733
12629
12189
20238
9549
14986
20947
27179
7418
3512
27119
11297
31349
17519
11410
13089
28412
26501
27017
4307
614
26891
28145
13292
9825
31359
20895
4099
3839
4931
13247
30625
29809
15182
10938
23703
8722
28194
27486
27284
30375
10750
27449
12278
14820
32596
581
18657
27443
13437
20427
16526
28082
20908
26241
7398
13690
10529
1013
18512
23079
12191
22319
19911
12949
14623
6802
6959
24039
28102
1284
15849
24014
2837
22095
19877
9736
17760
710
31095
17702
23937
16939
27438
2707
16077
1488
29921
19922
14663
6653
15562
15111
11284
30354
23383
18617
13359
749
8063
15062
13150
20750
27987
22263
17253
5113
27349
11750
27001
21852
28428
7774
7671
11890
26456
29969
31830
2087
9988
19951
12123
9853
21786
6822
28043
814
27771
29285
6630
15251
558
3814
23762
5572
17913
6827
18774
24833
28974
13448
25224
13649
6088
19553
5449
22120
4022
15669
31279
15822
25207
18523
29635
4158
31975
22028
31981
589
4441
7970
15276
28748
24549
9247
11274
11630
22788
5489
30544
20014
20058
4341
19318
29163
9682
22713
18141
20437
17136
26374
19521
2829
6755
926
21225
4616
9178
15938
1824
3381
7705
29303
20201
8415
22860
14474
1775
1620
31643
26578
3003
16455
29694
3637
25385
28275
3923
237
6685
1153
25518
27276
10866
26668
1520
31294
32051
15011
15771
6223
23822
20782
10980
17389
27909
8469
4874
32302
30567
8894
18151
26197
10495
28693
22469
27473
3211
8752
3698
13958
23152
12852
22679
13264
28843
24946
8261
23237
1803
27862
16849
7483
29597
3970
5090
7947
4968
6326
13768
6932
11099
6387
6159
6530
21892
27232
29524
23376
20099
6252
8536
7947
14141
27317
3155
8921
7893
5929
10379
1979
26840
24426
11300
31247
25527
7543
31034
17241
9083
906
28205
10562
29876
4924
4156
15841
31666
4079
17494
1338
21496
28781
2604
5124
17390
5069
28043
2992
22742
15767
8681
6054
32513
7464
31806
20434
27203
25687
16149
9311
25252
12632
27874
14018
18776
20449
5270
17403
27122
5516
19569
1047
27604
23933
20247
8954
30698
26436
28391
13915
26264
7428
21384
21776
2544
1237
13764
13196
26665
24936
3482
27046
31308
17898
26254
17820
17201
8490
20036
20567
21162
1021
4429
26352
2302
9954
14913
3444
11929
29410
1806
24292
13313
4538
18575
16000
11788
18748
24673
11845
25169
9715
20722
28341
30684
14598
5082
19414
8230
27998
10863
15229
19524
14347
7315
12492
16990
10212
22993
18682
10083
6254
12457
13650
20731
3072
20519
1663
29629
28964
1979
15622
419
22335
14660
17172
19642
22133
12654
13178
16926
11975
23102
4598
20774
25214
31723
22708
21212
20429
32752
32532
1456
3506
27231
23982
29037
4125
32120
5012
18283
22356
15226
20694
4871
11926
15033
10828
20048
15870
32753
23183
12035
29611
21210
5193
16314
2078
16636
18863
6496
8675
17093
3403
20712
23668
14041
28671
27966
13914
10153
71
31102
10901
3911
20158
1893
31038
3449
7140
13829
25451
17420
4894
4284
24147
19818
14078
23142
435
367
25285
6354
13680
31865
1318
29811
25213
7358
30797
16472
11007
27107
6944
15966
28079
6858
4037
29605
6272
11691
17252
8512
3715
18022
9006
13617
9479
18199
8862
18324
31748
22251
30462
30746
13754
19251
11310
16313
20885
9911
30369
2722
11860
9037
26280
11892
30570
31146
24819
4271
420
23415
84
4459
23309
21416
17607
3658
4623
265
13232
4523
30682
24345
19811
544
25098
4380
31721
26147
12163
25452
24322
4100
5280
30480
6502
17958
29326
19343
848
15211
15858
6918
26173
27629
14546
15481
9713
12783
946
103
31420
10003
18941
15265
8443
9677
3495
29788
8673
32535
22033
25988
6520
14438
17965
19539
7650
26077
24034
13347
11237
29889
27314
13440
15527
31278
27546
21890
26805
23048
27705
3673
15434
23091
6965
4650
8399
30215
8155
24346
32670
1534
29445
17320
523
4016
16193
20031
4773
20994
3119
23307
953
24986
14635
13325
32536
27030
2860
30570
8986
25725
20972
14345
28899
24949
26698
3164
28645
10679
5100
32638
10918
23105
2088
6271
26820
17866
4133
27644
18998
13051
9277
27634
10196
19164
28326
27091
23834
19341
850
32474
24361
21302
20243
20124
17678
22336
515
22497
9543
7110
31011
18353
27779
16198
27458
690
4522
11933
23841
22705
19229
5426
8404
5758
10559
7537
25707
27133
14900
5499
5074
19578
6889
19483
4598
26429
6484
14845
3369
9822
19453
19226
29384
28123
17085
23671
17947
9448
13509
16911
24188
2950
20451
26893
20668
3671
3329
27199
1986
3249
11759
8392
20597
17649
18530
6421
23773
23314
572
27666
644
11646
25357
23197
14371
27683
24282
15675
5754
9674
32286
7177
24704
16292
18191
758
22204
2854
19490
26160
23027
28183
977
10972
8451
20712
19868
10250
1551
18243
18510
13288
11996
9958
23937
4405
5243
178
9828
20729
11817
12287
3516
31860
17267
29747
21289
6996
10654
18579
21419
27179
28741
28249
15204
21791
16708
23814
1184
2788
30677
3321
26642
15335
13049
20545
8800
22988
26394
11696
13027
27419
13038
29232
30632
18230
31646
27738
19130
20111
5160
1605
1187
29463
29698
12700
2096
9466
16640
23028
15221
30601
12407
20828
4625
4727
931
27445
3251
17225
9030
14660
20957
17160
7826
7941
17384
1081
4425
12098
14409
7439
13603
2021
13330
8670
8816
8203
20924
979
1022
15449
13347
18403
16957
32147
10962
10753
27041
15722
27521
148
20552
11670
1244
29736
16093
27941
28294
24419
8380
2067
23134
27451
32598
5402
11009
15207
19671
26059
13200
16147
16903
31966
9395
31192
21358
16071
19165
22763
444
4234
466
26773
2408
22735
359
32227
13718
5945
26505
10398
23102
1524
9089
381
14731
31117
9846
10394
22657
29447
32052
2083
1763
6187
14124
12114
7764
1567
16059
22943
15548
12858
1711
30260
32237
19735
12551
17313
30855
23528
4858
21457
536
31757
14907
3132
32392
1254
22396
30303
16053
31717
12849
29801
12890
3815
2454
11832
28981
2244
1779
19075
24425
29732
9502
18521
28961
24725
12610
3274
20854
32219
18656
30948
28819
391
30995
7137
15638
2764
25368
21918
3258
30861
2573
32079
30771
26042
11769
24690
11866
16349
22541
11777
650
11248
31786
8684
14922
11634
21411
1222
24108
17338
21827
21438
4597
29066
28306
9426
14333
25319
25172
6975
25561
9512
28755
60
24632
9550
10846
21479
19467
26771
6802
27264
4841
13126
7896
27093
17585
4565
7599
15101
4209
30764
30764
17481
26246
27453
23870
32632
1541
26848
25143
16426
31066
478
1160
16024
17967
23112
30924
14977
21648
1038
27401
19048
20812
26572
5170
11004
3998
12263
18672
8920
11788
27097
26017
20076
656
20937
15266
26683
4598
31839
25545
24904
5765
21206
6710
24010
23009
5459
1868
27175
26160
22389
6650
31776
21116
11053
22335
5193
11864
28112
17133
5053
20679
27498
17837
6671
3673
19542
13379
32644
6807
267
23571
16255
6305
8249
14564
26428
7958
27413
14309
23745
13108
27632
11245
4626
32577
25359
22279
30885
18473
30135
11566
18709
26216
21383
13397
29466
17962
17931
9643
18873
12977
24205
13340
16312
28920
13870
7195
18517
28054
29750
24735
12344
484
3753
22891
677
5218
31003
30355
20214
6231
13764
23868
25161
12472
31959
16803
18806
31307
28176
8801
12100
16652
140
18669
27356
9424
9438
13154
21117
28968
19807
19330
9842
11400
20677
3835
10305
8873
23288
3306
12838
28203
24609
23710
25279
17791
17923
29086
12553
3844
14222
28909
31883
112
22193
27532
28113
19826
16497
8769
15132
10646
5944
13975
9560
8552
1903
27942
16718
3804
31310
25876
24859
11501
27379
26844
12769
3717
4530
15438
25020
31901
22957
3032
25080
32677
21668
24835
6529
6182
8462
16448
7066
27302
30312
21477
14034
25292
19405
18547
28724
4548
19655
15898
16063
19429
4197
29567
6934
18833
18061
3516
14200
20317
20372
8616
29681
8562
29196
25178
25298
17972
8925
6376
29024
23585
5016
18804
2249
1787
31495
10602
15196
14377
19465
19203
20984
22107
20124
8718
19909
2157
20284
17903
12835
10126
22636
5352
10976
7329
10898
7319
25262
11491
26119
27584
7636
31182
7023
12621
27939
14398
13894
19603
3372
25299
30140
13015
17840
27542
26563
19985
23896
12511
6758
14575
30118
14710
30556
31773
25388
31736
32221
12484
22012
13692
20148
11345
26207
4983
16022
6519
22986
13533
25266
8823
13325
18057
19337
4255
26830
16095
25088
1296
16694
31920
6835
11973
18922
19805
29581
8657
23869
7744
28566
13288
7588
23879
1291
545
29802
19682
12724
1018
26788
20256
10610
20381
25192
27669
21272
29538
11834
6014
1915
2196
21703
31144
18125
25464
6870
16269
22566
1163
15739
13888
1892
12044
16013
13708
30005
18618
21851
7640
11634
26335
22427
27982
30639
11405
11939
12349
5648
24104
11484
20667
26206
20004
22387
2446
6489
1808
30801
77
29776
22228
3150
19138
20720
7991
24993
25491
20314
4004
31387
21025
28280
11309
2198
2481
32400
17872
4904
17354
8729
18425
8092
23005
20686
32585
27810
25132
4354
15766
5701
5092
23347
32563
13854
13964
23521
30065
21447
8355
1952
6757
14739
2437
13677
12780
380
12943
13118
23533
28253
11139
2269
7134
25954
13870
23797
31114
7100
3400
12397
7953
19609
4763
25590
6192
2899
10344
15328
5826
1511
14854
22066
24711
19370
14284
18169
18981
27703
2609
20192
25452
684
16434
24577
14558
278
31988
25851
20079
20521
26795
32325
14217
5941
10426
10690
28755
16469
8988
2197
23603
3306
4354
14134
3474
20039
9405
27589
15071
5806
18143
20127
1238
30332
11933
16688
29186
6560
22904
1800
17280
22865
9757
1328
1799
5633
5769
3006
2597
28044
32112
23975
4811
8630
6880
27349
268
17108
27682
28793
15906
29385
13025
29603
7346
21556
30605
18960
3665
31208
2818
9538
21062
27293
19301
21462
401
3301
12367
11539
7213
3937
25134
23231
31635
8500
24808
30006
20095
3768
32193
9661
502
5744
11390
17171
15240
2622
28618
7241
18643
4310
25818
26068
10312
7027
12877
31969
3890
25545
24150
29928
4339
1594
20508
9092
19345
3148
97
7810
15730
31579
7522
24631
10340
15243
9727
1559
9697
27393
16412
23940
20624
29011
20039
13028
9998
26428
2203
5878
3055
9877
7396
3686
1792
5760
6660
24479
11215
2023
10901
29408
18798
13861
25295
30866
18291
16386
9644
18905
21571
11493
25931
14185
18577
21061
17042
15003
25633
11617
20504
15551
18386
1329
31810
26804
20699
26780
26284
15031
14677
23787
9418
17017
8698
20606
14799
19316
26924
9661
17869
24446
29497
27218
12318
22431
18397
3734
20740
28448
10504
12616
24204
3300
1762
21381
8376
14076
29964
2292
12508
25717
1321
30786
18505
8564
10910
16334
25129
14726
2965
4773
13482
23601
25416
8624
17759
28623
22908
9516
7395
1692
29515
6747
23999
10765
295
2425
17037
28771
11804
26610
18270
4225
5205
27346
602
26618
31458
23933
28582
10095
8377
20640
13451
6424
14586
13671
7636
13728
31863
14577
23927
31542
29811
29697
19320
15073
25258
17142
11787
20499
27282
23037
19705
30338
24545
27013
21572
12851
24143
26355
18958
32215
3741
19863
7095
13147
15574
27615
1606
25275
9173
4299
24074
2839
4615
11681
31105
27144
19314
16354
17272
21812
19702
6012
14452
21024
21715
19777
21329
24646
21612
32152
11561
10600
12107
7027
21623
3107
27492
28545
8060
13511
13982
6052
32226
14438
25999
6821
3488
26155
20359
25639
30493
17133
11217
15577
21656
25348
21557
4848
10439
5724
4289
9941
10430
6856
20682
28698
23827
18584
29997
20147
24128
28013
4058
23651
12360
18764
15508
29300
414
25074
30450
14251
20802
8295
4522
19067
16429
27862
13070
23417
4591
15516
31447
19472
8343
18079
13602
9590
18387
20961
16056
31710
2904
21077
32402
4592
31876
18417
6301
20598
9026
5124
15802
26200
28207
14538
15625
9418
28155
14141
14951
27588
24593
32559
11829
15026
19578
9622
4700
14702
15102
21799
24717
19819
17293
11558
17870
3891
32222
636
12082
13331
5206
14090
5095
16404
32299
6973
8310
5166
9417
3554
10055
11449
30837
20028
31332
9252
14384
13396
4734
19945
28894
17297
10037
32192
30631
19336
7316
20244
25502
2837
27099
179
19104
2475
23938
14537
17791
6888
25210
17679
32608
16493
10934
11072
21602
24044
25322
7629
17281
29570
21395
10449
14265
21064
4919
11079
27758
32549
11758
28795
28939
14310
26145
32190
4074
20112
29330
26718
7284
20212
23964
18389
27785
8837
27069
6209
290
9831
8017
8468
8756
26568
26528
13325
29144
31347
22811
22631
15018
7586
6371
13904
32110
8980
30091
22172
506
19552
7967
2747
28496
4745
8293
4328
12042
3026
32098
18596
8187
25556
6944
2915
23571
6605
21679
32133
5507
31035
24938
27527
20258
170
28795
1915
29711
10954
7586
6837
4760
19908
9010
32712
15963
1230
27996
30897
23979
22526
29359
13649
26166
5723
30176
7713
19684
5690
5319
14113
11522
20424
18603
12049
27295
1507
15295
28388
21558
28974
6124
15730
1934
8548
13009
19309
7647
2284
15113
15254
25398
26286
19116
31536
7450
550
792
32437
9328
28086
5617
14025
22172
17217
24422
20844
8681
3829
30134
7027
12587
23656
20979
5689
31395
6631
30215
5522
13858
17931
13300
31232
32369
7052
31328
23338
8689
12122
19024
13961
26239
13546
14900
30309
17562
23758
10788
25856
24008
393
3433
24593
12853
5793
27967
24691
22942
3574
2265
10783
17261
10065
13990
14424
16934
24128
27347
14885
26113
27170
1809
13060
27353
1150
22424
5085
15684
27033
24939
24629
23300
18247
26078
13220
4766
3585
16214
15241
26184
22584
31569
30972
5640
23529
21926
24324
5403
6770
30989
8458
28308
17060
10465
17806
23877
31001
14373
20761
6882
31431
29126
7539
10852
19926
22047
12565
8620
29871
20930
10977
13929
22358
20854
5649
4667
22265
22396
14958
12825
16329
30231
15554
21744
3336
21323
9103
15756
13155
6628
5121
19388
25987
31674
23330
12465
1759
10548
5965
17064
16596
25099
5605
13257
28151
848
14662
12366
20394
14001
31484
10215
16877
9976
24116
18013
24951
24020
26223
24438
22534
11996
26238
21018
17139
21457
15274
9907
26633
7715
18739
27866
11415
25015
18428
7215
708
31976
16004
31880
16675
8652
13592
22863
6279
17592
31303
1061
7193
21510
2967
27339
4007
7445
30326
17475
28735
658
17779
6450
27389
26614
19886
11145
13857
30288
28813
356
100
7749
9649
5939
27277
31573
24873
32023
16191
31840
10725
25487
23829
30056
29805
23379
1777
32408
5587
19584
3728
17541
25317
26870
3426
11701
20392
7678
8089
31070
8962
18737
21888
15215
4791
13461
20239
22996
23447
7688
13756
28406
10741
19938
2195
13698
26202
214
28297
24940
14971
10521
782
2611
25193
19142
20705
2662
7688
30594
28456
30823
22210
11612
29888
7279
19836
7414
13778
2002
25801
6890
32679
12677
23390
16487
18109
15325
2759
32539
31514
18329
32344
11350
30432
30755
30309
18284
15138
3347
11190
32603
28406
13557
26421
15277
21707
32076
16874
11424
10749
983
8489
9861
9383
19730
17162
19558
953
25600
28442
19947
25930
10024
8016
15486
22319
26333
13635
15278
21964
14531
3993
4305
11562
9359
5059
21998
28746
3598
32744
21466
31417
105
6430
18336
12389
16039
2528
5926
28591
15731
1213
14606
27073
27168
32589
21467
21794
25322
6505
22613
11911
1151
1179
6958
31725
28862
32724
12773
17892
29374
15197
5867
15150
25618
14608
22789
12936
30539
31944
23025
32456
3007
8470
24652
18728
28297
9270
179
26082
11473
321
8745
22269
23374
27043
8632
29030
30472
13008
22875
22594
17251
19507
3612
17027
18777
20839
2426
16057
23559
3242
25101
26923
18027
32143
14189
18471
1644
14323
25935
17046
14618
12081
29169
25811
7224
16794
15289
26558
18680
6175
10777
11788
3077
11857
26037
11233
32454
5772
23496
27808
17890
20078
4291
11010
6399
14222
1592
12133
30672
2155
14327
26727
12366
18851
29815
29108
6725
13158
5239
32028
11283
32553
21988
20969
19628
415
24062
22127
1762
8421
9911
22500
484
31485
23387
1138
25348
20605
26742
19339
31933
1928
17139
6269
28404
23294
10881
6982
7294
2544
27451
5033
6627
6999
25223
21121
31073
2565
19262
25942
6196
27867
5390
8238
20757
28477
19229
31141
14337
11715
19951
27968
17211
19249
25738
22527
1428
20906
26840
817
24042
13344
4940
20876
16367
1039
10696
17021
31275
12139
5567
16317
7493
23255
9623
26917
26750
11287
32081
21187
24446
6344
31339
26925
27987
3406
3845
28693
14519
15
22596
20254
3473
17631
29684
8430
32703
13498
22897
14469
11027
32185
14791
4301
13467
12095
11032
23154
28966
22131
9022
7155
21763
16116
1458
6138
4364
11208
18604
28137
228
7317
30092
10421
20092
29459
2169
12279
28380
3265
29512
20288
23584
9431
18335
18349
12480
4732
19546
8124
2069
14138
557
9566
18457
12719
23435
22094
14447
10373
11207
8864
2723
16804
4474
15773
14258
6565
24612
28878
22221
20362
19734
9559
20826
30893
25487
6023
6204
4343
1061
26796
15956
15186
29542
812
7239
26209
15296
1233
24962
10606
26270
9061
13948
28068
20692
16255
21563
14206
7741
6556
13594
9343
4258
23921
17097
28964
17886
30592
9621
6935
8512
26858
6378
29605
25649
3460
26902
13938
14871
2092
32335
30827
15225
18782
6392
765
11363
25602
8992
28548
31244
9352
15180
5895
15286
7735
23670
10786
15062
8898
18261
1347
18037
22557
4319
5402
21974
24718
31245
24394
15961
18695
29918
869
159
12723
31390
18455
28911
25807
5992
2209
16088
20411
20202
5769
8216
4689
15976
25488
8893
6261
8195
2021
27274
29165
4924
30872
23964
23668
20148
593
1102
13321
7989
23618
8281
15757
22518
26458
16192
32653
6171
28092
19435
7517
2428
30319
25489
26726
31911
343
29148
7104
1576
16228
22600
30212
264
6921
9421
9563
6803
9456
7101
14811
19294
14572
6383
4628
24969
28463
3101
30181
66
11709
5259
21397
14474
28192
32745
21278
7996
2909
12411
13260
1099
11304
11895
10247
12107
7508
26799
9069
17715
12429
26735
20261
15201
29513
31913
6255
31710
20988
8271
3455
7908
31627
8193
31883
23965
6404
17128
2339
8750
11660
31458
11201
22772
12953
24543
20385
26381
17505
31371
722
27163
29330
8749
27790
9540
2371
29134
32199
16254
26154
6303
4098
14089
11792
2453
26216
11836
30339
20054
17690
30085
14283
344
4806
30380
6943
13127
14456
25943
31000
16296
13234
22739
7269
21693
3774
13073
7361
12968
13123
30959
26146
26066
19223
32697
16435
142
9044
5104
27141
6138
17838
32074
7681
2086
15363
1017
4642
17273
12852
23344
18529
12624
27188
5348
17264
24551
13918
720
29610
3453
28172
10427
28747
19635
4197
9213
20700
18486
2422
11328
15090
27037
19845
4484
30744
26517
16033
23398
10250
32571
4222
28065
25380
23753
7808
21973
24857
30581
26646
9863
30696
25750
10057
873
1804
26121
13717
17116
8947
14291
13047
18612
5298
24839
9031
32315
503
3051
30152
2936
20799
10582
11006
13745
7753
25436
3263
1838
21194
9005
11405
9280
14178
11835
7203
29058
4303
7835
5198
28511
7521
15022
32254
28372
1709
28672
4509
887
7046
30064
159
22201
26153
22674
23899
16488
29368
31313
13593
18552
23018
16089
4204
30210
25600
29876
19906
3981
22523
14130
2617
12429
19212
20495
3252
22569
1100
23632
26415
21825
18605
14446
16975
13232
9008
30646
1853
3790
32089
27376
23477
27961
7137
31295
9306
2518
21418
22088
333
11794
2808
17558
30973
366
23261
2877
17729
29242
25845
16318
30372
7072
12628
32043
25087
19685
10429
17804
3150
5612
32532
4736
2236
31996
8726
22824
32000
16834
72
1344
16364
20890
15405
12175
17987
20746
8124
4994
20940
24207
25617
2068
5796
29341
8547
32752
19160
225
31542
21722
21555
16073
23762
25163
2133
13126
23027
13147
13061
29649
1986
18404
22217
12972
25092
13541
23475
618
4242
9252
8317
29361
8457
30488
8665
27199
2242
4357
11266
25131
773
3177
19095
26221
8057
24471
27305
32673
5343
13474
25363
27144
11264
30844
22281
15824
22244
25951
9972
27797
18501
3180
25469
14375
8003
8851
30440
1678
31578
5298
30884
14155
3216
9985
24352
24033
29683
9133
992
1428
2114
23747
11727
25201
21227
1360
5591
5006
22837
9671
6575
23187
1471
12194
4340
27769
17961
29772
30844
16274
12561
831
26599
31434
18497
13161
1398
27180
11046
23509
27681
7336
19845
32647
14307
3859
1641
28840
11353
2159
2912
12003
10635
2925
11238
1294
25354
304
24866
10765
3387
340
1488
26867
29938
23343
19071
5227
13634
17494
14844
18775
32660
20579
25102
17590
10743
5622
29795
20683
30647
9466
29643
3452
20529
12842
16804
6136
22501
7123
8085
21916
8141
11227
31104
26136
24302
15106
2993
205
27180
6504
14684
16762
24162
24656
10054
10264
12466
4387
28354
20482
6426
9656
31967
8793
2888
30162
29152
1959
12720
5610
5356
23746
7899
4911
12295
12020
10498
12492
26689
856
9179
2665
26157
11655
27827
16372
25237
31092
31933
3745
27500
11413
30122
31535
29956
8772
23673
29038
2946
1892
30353
31998
14478
31047
32013
32601
29007
3023
6743
1811
8342
31444
26104
11361
8537
2758
21166
5849
15716
23700
17087
4216
1099
14540
13966
18921
3747
5635
18796
13316
369
24183
28848
4758
26083
14579
12554
11360
10558
22771
15892
15458
22808
6665
14378
2137
28615
27263
31868
16518
17689
18750
15201
3249
30534
23278
18671
27246
24610
23135
23496
16543
27287
26664
11830
19514
23635
32142
13691
19020
26558
1703
25442
830
6703
26559
9754
6999
31327
29178
6724
19587
27422
2875
9035
27987
9796
3397
24052
26948
25579
8224
8502
3652
475
5055
331
21362
16198
31967
2311
32038
24758
6450
7529
16945
20547
16061
16240
22118
3593
23166
8239
32345
1241
16979
15140
4198
5935
24087
27334
1781
30820
27662
11101
2045
9765
25731
22
1479
5668
16559
11863
23797
27661
10461
17232
5058
19388
19916
6099
7819
7085
29013
18021
19855
19380
25165
18325
18419
29678
28589
10380
14345
24567
5872
4070
3281
23133
29117
1216
29888
19541
9926
11282
30145
1453
25072
28736
18042
16642
6068
18155
19664
14387
6085
2317
26029
23829
13043
4421
23040
2665
30799
5231
9478
16651
19856
26744
28617
17772
26293
11632
26086
12609
24812
3297
18322
19837
1203
864
23775
18557
29501
26721
11836
7299
17175
10320
9787
14950
20491
25821
152
19592
16965
28567
10870
9735
4276
21180
30699
12856
691
23631
21183
30801
29929
24428
18033
1893
25965
8153
3451
24214
2862
7133
983
9606
31891
10325
8898
18702
10590
4868
27072
20531
11222
16171
22752
32085
13605
28761
24641
4010
6399
14213
26837
14571
15492
13914
23141
6989
27752
11474
17110
25523
24145
1286
682
21538
24960
20805
8906
21109
692
28771
14210
20306
10059
19539
29901
6492
25515
26360
22483
28842
4320
10553
2480
28281
25990
10324
24439
5405
5610
21876
7030
7230
16236
19333
21436
19776
9000
12103
8665
1027
29653
21921
32741
10189
15084
9273
30404
12420
6413
24641
423
3105
26016
24468
19158
30817
29112
20481
9646
9405
29244
2278
27109
12445
21832
6913
5142
22985
1745
4740
20345
28448
26760
8039
19697
23436
257
6146
2893
23861
9749
2523
29895
15605
9861
19645
30161
6669
14047
19466
28946
7702
9638
31313
13483
11578
6829
8995
21694
26275
26052
3875
3889
2356
8342
11869
7343
4215
10194
15577
4848
7639
12169
5487
15419
528
30424
9948
2089
31459
24262
16150
31147
30990
26735
8413
13902
635
24163
6035
6846
1208
11593
32077
30857
11175
12232
26410
24870
4215
29095
27620
8758
21714
11826
14500
22281
32344
3552
26651
13156
9805
26420
20430
27522
20878
1761
14257
23896
1226
17201
12280
24350
26862
24231
31018
22282
5089
32228
12919
95
18802
13511
16971
422
18575
28376
11555
14395
30903
14055
20128
23820
2993
8688
10457
26270
26495
24898
15862
19537
27790
16352
10235
3812
27695
3880
25313
10811
25419
18098
31979
21600
19793
23419
8503
11721
9076
4675
12436
18137
23572
20787
23699
7848
32377
13507
30945
32519
7879
27611
30419
22975
22062
7992
16195
2842
2914
26642
24219
9637
8011
6652
14127
11059
20989
25611
11728
22309
29674
3386
1181
24041
14166
20493
22557
17857
13836
6517
29323
15558
32592
12020
26993
4140
16916
1
14713
10439
26479
9902
21631
12494
12618
23432
21994
18144
12637
24767
20797
25156
11354
10375
28393
19573
15719
15037
19302
21470
19922
7630
19585
7138
13568
18133
24824
11807
5287
21763
24132
12532
17725
7236
28854
26432
26289
17183
20933
23917
26968
30686
14503
26542
9002
240
14622
21892
17710
11403
1173
32391
17715
25494
16747
3171
4033
25541
27791
9761
5711
25862
31053
24744
3510
11804
9063
6275
28902
23689
10088
6372
7128
25522
21813
13289
4804
1854
12517
12319
18835
21695
5586
12101
32663
24724
4080
29266
890
18958
24414
7865
29556
19153
23099
26859
19905
21885
8379
18461
25939
1934
22394
5964
3780
29313
23568
18303
6542
57
10213
1869
27006
30368
21831
926
17510
24209
31417
9654
10259
20982
20622
29295
15486
29997
21687
28357
13894
8113
24794
11672
15710
30710
26276
27310
11267
1684
18015
22264
14834
1192
29639
31254
26583
26999
23833
19740
16136
31573
18542
29335
14707
26566
6983
12235
26070
9954
16489
2879
7214
11774
8171
13436
22129
13704
23949
6417
383
5683
20811
19162
23126
340
28210
7042
11142
6284
2931
4423
32486
10408
17334
6397
6020
3013
24240
6486
18402
30392
30968
19296
30815
13741
24086
31823
29171
7181
18653
7293
16671
11174
32252
16303
17700
14086
29903
29338
16244
807
635
2470
30566
11346
15161
19697
17965
21053
32242
9623
7947
20343
24077
12337
26562
5
24453
22683
13644
23374
14654
25339
16587
25908
4505
1534
10435
14980
26950
31333
21127
15504
10329
9153
32753
8218
416
13946
27990
25460
8244
32534
3001
28646
21327
11960
11071
27216
11357
20711
10723
30480
17238
20113
31339
29990
5450
8784
6043
29846
12606
8683
14248
27662
10038
288
21488
29129
28051
29089
22759
31667
12447
1116
4693
27342
16487
12287
10175
26068
4297
8380
15650
18206
32717
13642
3048
8644
22073
19756
2068
8710
13919
19509
26048
19691
27962
30540
4809
25383
22969
3693
30921
27458
24155
18416
6981
9975
4348
4366
26152
30683
7407
14241
16496
30527
2892
24875
14120
17750
25995
29466
21654
21403
26194
20554
30645
11885
11404
4044
16358
2556
9403
4326
24802
5737
7311
4186
29427
24361
13495
8939
4964
14763
9463
14622
26933
1850
1659
4158
25108
20004
6251
13474
15241
28188
12991
31027
11377
29661
23381
2088
17069
20496
12608
28948
18715
30064
8804
22563
18885
8748
8000
10912
89
22668
16650
31931
20698
19160
5633
29834
5780
15990
2047
26189
24405
10834
4429
1526
26330
5251
13244
20969
26248
29483
26097
6912
3421
5278
27393
19922
13349
21191
18494
24885
8689
5576
19792
3585
29893
27105
25223
13335
657
11411
4463
4258
18018
5381
31653
10653
11738
7078
13290
4758
23262
1300
11638
28337
11662
5181
13710
21487
10874
10180
11097
29616
4370
18086
27120
11383
13919
24605
6324
26862
30705
17092
21988
28714
23321
3836
28527
2863
11352
10383
7686
9143
13078
27540
30326
16431
19863
10387
1333
259
2348
11241
18490
795
2726
21613
31506
19366
23312
32083
26929
8470
27806
16209
14982
30059
27616
19713
28242
17845
12603
28295
30777
4820
26266
24691
13210
22403
13665
6633
8476
8085
4259
15871
8841
9341
28564
15462
10464
4884
3137
25933
2213
24215
31358
29826
26748
17647
11040
22490
32246
26678
12141
13524
3243
8566
20689
29049
23433
28852
20691
17542
5227
11821
25926
4301
16877
24799
17604
4057
24447
24139
22360
4049
12217
6010
24443
18590
19695
14142
12098
3152
10244
30138
15829
22206
27011
17700
12579
109
26859
15306
12244
6324
11851
24403
3967
11037
12815
13640
13086
29709
20250
15571
11711
18600
6933
13766
32124
13807
6406
22750
29356
6955
31268
25930
5979
17295
24810
10087
11000
17177
23146
23758
1614
6841
484
6544
31670
26549
663
4800
1930
8780
27607
29234
25820
12186
2912
6019
23144
19131
16874
27225
21448
2355
1533
8684
6887
32397
2311
9670
17848
17219
12972
27591
11304
25310
26205
30571
31313
30046
18220
24144
13040
26588
28126
30194
13849
14446
17730
3769
8233
10571
194
24631
5373
12080
24888
2730
19297
7938
15363
20937
27851
24244
30809
29885
7498
7531
30430
18285
16313
22240
6006
28926
19000
9734
20824
29594
16093
10990
4453
24945
7334
2023
21175
25342
23730
14825
9596
29324
20401
20532
6149
28920
28570
18228
13850
30648
31132
2728
4753
3100
25686
25347
3871
6100
1610
21010
22125
19123
143
8928
15470
18867
16839
12503
30961
20280
13649
10791
28786
8345
29376
20844
32566
31964
395
651
31383
26817
1285
32476
23708
31747
25744
17551
19916
5082
17422
30024
324
3780
24729
4109
5896
30085
9588
610
30871
13676
3393
21682
25538
20441
9076
30193
6077
8956
14855
27264
22647
12255
10096
25169
15399
423
8400
31307
30503
6679
1133
11504
6662
1877
10338
13885
30169
1777
405
28369
6865
23075
14058
25170
9491
12116
29878
9485
19395
17632
5239
11484
26210
10523
27842
12621
23643
15250
23932
22272
13016
21395
27725
10833
11482
12271
1362
11575
12681
5118
13330
31852
27849
13796
26804
20431
24077
25107
7535
23046
18800
30737
28737
19303
16130
9340
1252
31769
11359
31819
17150
374
11399
23894
17560
12980
2537
14361
2257
24773
9921
9908
16083
17787
16292
30007
15623
28144
15449
32541
30853
9253
747
1558
4303
7145
252
26122
17342
26365
24412
19034
23996
29813
5083
18537
31284
8033
17755
859
10311
4269
13865
15644
18369
30790
10381
30884
12875
24958
29087
4474
1250
9906
11869
27767
7559
18474
20219
9677
8504
10816
27770
24648
7712
32453
7292
6611
7691
23968
14167
10557
15644
20664
17512
18749
6338
22293
170
21684
10984
9026
13190
6195
25964
6389
17901
23741
8659
19953
20389
4046
14651
4652
3808
11419
22672
17197
32275
19100
25859
28345
31749
30024
1208
2222
14887
12576
8127
14383
25891
20974
27974
1
15287
1615
24845
17973
1988
15471
3354
32520
11682
17428
19373
32519
17847
20958
17782
14455
29768
18381
10246
26611
29582
26371
8324
29783
1037
20171
28321
1501
14113
27867
9165
6278
18394
17110
25260
3516
30217
9493
12995
309
6043
22183
15480
25882
21542
9878
313
10601
16066
29292
25595
29336
16922
12790
5606
9083
4803
28744
15182
15975
7116
22017
23782
24984
6550
10449
31024
25296
22245
25656
19000
20033
16440
20368
4994
19629
16726
13645
3137
13516
8490
8068
14793
19438
20432
15786
20039
31201
23280
22431
24496
29717
31819
29162
2807
9214
30355
1863
22403
19642
13440
31583
28384
13300
24096
10966
31925
21000
22639
15498
19190
19815
25383
6170
28250
17726
18649
9638
5904
12114
21821
15062
22958
19758
1479
22814
1130
31873
10362
8512
21644
26306
23809
8210
8227
21525
11260
22657
18423
9586
10392
11990
1472
14852
20578
6456
27285
17359
7517
14706
8615
20374
32337
17399
19247
1020
10599
22563
933
23529
31987
11716
27443
24623
25233
15321
16745
9326
26739
15514
26930
2869
1273
12984
26887
5481
14466
21477
15202
16619
387
31895
886
14965
22230
4361
31261
26309
7252
28547
10002
1790
17829
22492
14944
31819
6999
27709
6682
28357
22062
12071
30797
23447
1211
8888
1331
20063
28464
27946
4521
18904
28019
9884
13795
9143
25457
13333
20575
22482
22453
21446
28951
5767
22585
16015
1275
4700
8572
709
21918
20707
15316
31795
12592
737
774
3422
20140
10158
19476
32270
16978
32735
7510
8969
5720
4899
11468
13090
23517
19819
6323
28018
18462
30542
3670
29926
12780
3499
21287
1274
862
15504
25614
25539
29635
346
7937
13619
7642
14366
10965
5017
17990
6216
4436
4455
26172
25730
16271
2104