7119
370
29826
30684
16095
655
2437
27141
26124
24663
4482
7244
26048
15833
609
20419
21083
5960
31634
10734
28640
17130
21340
23751
18926
31024
3698
4101
2035
10279
30152
28574
20892
5647
16036
907
22416
5960
30968
13515
21597
23414
14319
9130
6578
5597
10438
13123
32208
1293
3037
28228
15675
7620
17422
10481
9397
23824
28733
1132
5996
1460
17200
14131
17779
19661
3489
16106
9839
14773
11922
24411
3219
15656
24033
4795
25550
17317
1308
20270
28994
18199
6806
17806
9977
9141
12987
32104
24531
13351
15264
29256
6083
30954
5855
5687
29755
20213
1441
23937
12517
31133
6908
14268
17556
950
10368
6661
21114
15355
22796
32397
15259
20656
28134
32085
25729
20101
21003
25141
818
1726
30660
25635
2399
8337
13434
25010
32478
22991
3787
18137
24667
15047
13022
32758
22090
16744
243
7698
22559
18341
27198
4199
4034
10526
4085
5919
4413
27644
22696
21343
15032
28956
28625
6276
20648
28529
25516
25261
10819
16035
21832
5753
567
13564
28382
28178
16283
7301
5219
14186
19238
876
601
18372
17567
27561
20202
18551
11412
7649
311
16622
22095
9099
13038
500
13830
11345
28698
22062
24402
25273
18752
7145
18402
29700
19367
11287
8817
20311
21495
12947
26101
24600
28422
23469
21786
18331
15598
31458
6638
23038
2659
3819
18910
25169
5187
18170
26081
29178
10607
27968
10995
16216
7898
23218
18117
22439
18911
22541
17587
10276
29912
4119
18166
8817
492
30504
24603
58
12328
19434
8371
27161
14033
5469
11597
1463
11001
16926
28833
12085
25425
19688
15886
25034
20030
2651
30791
5037
28207
1020
4169
2357
28717
1150
28816
25406
4276
14656
10378
27856
17089
3350
27724
27643
19756
8268
15492
31237
21048
488
19118
9928
30057
3632
28043
27477
5013
5740
14799
12253
16702
13805
4890
26834
799
30798
18730
3913
29957
13562
5455
30883
21216
17390
3103
20844
6170
28609
22378
16259
10535
18657
19569
28539
15198
15903
12882
4418
28423
7790
19655
2048
20405
26599
32528
20802
11990
2065
6958
26456
3208
29024
12626
8955
686
10747
29589
24628
26179
14274
489
27257
4847
3472
12880
29720
5336
23997
10572
7385
9403
30184
22166
19422
10811
2035
10770
24783
14457
1102
5379
52
14564
27001
11132
32546
14419
11460
31255
12826
2641
8282
25576
9006
14007
31357
7348
29541
25985
25107
4959
27489
15578
9314
24740
32575
25977
30744
3593
18879
10544
29070
18705
17061
24514
3149
22195
13407
7670
28114
23307
13543
23273
17806
18768
9707
32680
28209
4102
44
5374
13352
21876
28196
907
25956
22617
31211
6678
3678
18651
21083
20005
2136
11712
27507
27338
15589
10720
32249
8639
17067
13786
10851
12981
14184
8711
17144
7402
31539
29868
307
3834
12549
30836
10856
2295
10359
3869
26537
25787
5325
7281
21739
14461
13620
7544
2917
18339
21064
16364
11065
30167
13529
3565
10326
28765
31215
502
24221
420
26635
5904
12611
17179
10672
10565
14710
8517
4386
14936
18499
26128
18798
28339
16311
15715
6314
22177
1860
26614
6014
22461
8039
4198
484
19115
6280
30345
1323
8453
28962
25855
12098
10136
7971
9481
25395
14545
18582
25758
30446
29554
28543
17084
24136
18825
5382
30205
1859
31651
6104
16746
19344
21565
20939
11155
6994
14203
14529
11232
17701
23325
1742
16930
32607
15022
11677
11373
5782
7166
6415
12074
25954
14291
1318
9064
31075
23260
27426
16243
2438
4838
18921
19880
8581
15442
19884
17799
9901
967
6856
31498
6628
12324
16362
22581
15082
18617
4983
21743
28895
27574
43
8464
7174
26851
1280
13499
13512
29842
27729
15086
23548
1747
32319
2647
16485
15078
12884
8298
32124
17142
9318
21168
22384
17412
20670
10850
30828
11809
23418
7734
4888
25824
26416
7801
3682
19467
16084
10078
7806
3221
22236
19862
28459
9680
27041
31008
17209
7904
13065
16995
11592
27760
3939
9594
17874
24227
402
32719
620
11085
25710
3051
4680
26724
19303
20364
25599
2737
22124
12280
14477
15563
32011
8338
26525
8774
5337
8107
14600
23336
5908
30106
30616
23452
27015
27151
8465
27627
11950
25508
22386
25767
24859
9653
30584
31530
15896
8306
30820
12863
17294
1842
30974
17182
17701
8459
7642
4766
23725
1951
9434
1702
14781
18488
20980
20452
5273
6936
6453
31682
18521
9482
10758
25238
22600
30525
16303
17945
25739
16722
23321
13339
20995
27060
18904
373
10612
40
7784
28990
29158
16037
32183
23618
2635
3173
26084
27823
18019
14140
21063
16914
21213
22313
24753
4482
9407
4139
23541
5659
30727
9813
20391
26031
8594
6181
2339
32183
14398
13074
10705
7312
22860
22116
11944
15076
3080
22600
4337
14694
2219
16676
25678
5826
26240
20776
5626
16851
30022
1062
12626
23575
17878
1955
19861
97
9733
22318
2280
25038
5068
29424
13469
22266
27558
25733
5812
9588
22074
1546
25762
8559
14650
16247
23378
30138
12171
11823
6250
10226
19622
27350
11510